0 0 0 0 0 0 0 0 0 0
0 0 0 0 0 0 0 2 131072 16777216
0 0 0 0 16777216 16777216 16777216 33554434 33554436 33554442
0 0 1 4194304 16777216 16777216 16777216 16777216 16777216 16777216
0 0 0 0 0 0 0 1 2 16777216
0 0 0 0 0 2 16777216 184215625 184215626 184215628
-2130706432 -2122317856 0 0 0 0 0 0 0 0
0 2 8388608 16777216 16777216 268435458 268435488 536870944 536870946 536870946
0 0 0 0 0 0 0 0 0 0
0 0 0 0 0 0 0 2 8388610 16777216
-2147483648 -2080374784 0 0 0 0 0 0 0 0
0 0 0 0 3 8388672 16777216 704053091 704708456 1241579434
0 0 0 0 1 1 2 3 2097152 16777216
0 0 0 0 0 0 0 0 0 16777216
0 4099 86017 8388608 8388609 16777216 16777218 33554436 33554436 134217744
0 0 0 0 0 1 129 129 132 16777216
0 0 0 0 129 16777216 16777218 16777218 16777220 67108870
0 0 92274688 654311424 1610612736 1610612736 1610612736 1610612736 1610612736 1610612736
0 0 0 0 0 0 0 0 0 16777216
0 0 0 0 0 0 0 8 32 16777216
0 0 0 0 0 0 0 0 0 0
